5 22
0 0.25 11.0957 1 0 0
0 0 0 1 0 0
-2 1 0 1 0 0
0.5 0.75 0 1 0 0
0.35 0 0 1 0 0
-0.5 0.75 0 1 0 0
-0.35 0 0 1 0 0
0.35 -0.75 0 1 0 0
0 -0.5 0 1 0 0
-0.35 -0.75 0 1 0 0
0 -0.5 0 1 0 0
0 0.75 0 1 0 0
2 1 0 1 0 0
0.5 0.75 0 1 0 0
0.35 0 0 1 0 0
-0.5 0.75 0 1 0 0
-0.35 0 0 1 0 0
0.35 -0.75 0 1 0 0
0 -0.5 0 1 0 0
-0.35 -0.75 0 1 0 0
0 -0.5 0 1 0 0
0 0.75 0 1 0 0
0 0.25 11.0957 1 0 0
0 0 0 1 0 0
-3.75167 4.40325 0 1 0 0
0.5 0.75 0 1 0 0
0.35 0 0 1 0 0
-0.5 0.75 0 1 0 0
-0.35 0 0 1 0 0
0.35 -0.75 0 1 0 0
0 -0.5 0 1 0 0
-0.35 -0.75 0 1 0 0
0 -0.5 0 1 0 0
0 0.75 0 1 0 0
2 1 0 1 0 0
0.5 0.75 0 1 0 0
0.35 0 0 1 0 0
-0.5 0.75 0 1 0 0
-0.35 0 0 1 0 0
0.35 -0.75 0 1 0 0
0 -0.5 0 1 0 0
-0.35 -0.75 0 1 0 0
0 -0.5 0 1 0 0
0 0.75 0 1 0 0
0 0.25 11.0957 1 0 0
0 0 0 1 0 0
-3.75167 4.40325 0 1 0 0
0.5 0.75 0 1 0 0
0.35 0 0 1 0 0
-0.5 0.75 0 1 0 0
-0.35 0 0 1 0 0
0.35 -0.75 0 1 0 0
0 -0.5 0 1 0 0
-0.35 -0.75 0 1 0 0
0 -0.5 0 1 0 0
0 0.75 0 1 0 0
3.00096 4.30315 0 1 0 0
0.5 0.75 0 1 0 0
0.35 0 0 1 0 0
-0.5 0.75 0 1 0 0
-0.35 0 0 1 0 0
0.35 -0.75 0 1 0 0
0 -0.5 0 1 0 0
-0.35 -0.75 0 1 0 0
0 -0.5 0 1 0 0
0 0.75 0 1 0 0
0 0.25 11.0957 1 0 0
0 0 0 1 0 0
2.00382 4.60344 0 0.742521 0.209734 0.636088
0.5 0.75 0 1 0 0
0.35 0 0 1 0 0
-0.5 0.75 0 1 0 0
-0.35 0 0 1 0 0
0.35 -0.75 0 1 0 0
0 -0.5 0 1 0 0
-0.35 -0.75 0 1 0 0
0 -0.5 0 1 0 0
0 0.75 0 1 0 0
3.00096 4.30315 0 0.81657 0.12797 -0.562643
0.5 0.75 0 1 0 0
0.35 0 0 1 0 0
-0.5 0.75 0 1 0 0
-0.35 0 0 1 0 0
0.35 -0.75 0 1 0 0
0 -0.5 0 1 0 0
-0.35 -0.75 0 1 0 0
0 -0.5 0 1 0 0
0 0.75 0 1 0 0
0 0.25 11.0957 1 0 0
0 0 0 1 0 0
2.00382 4.60344 0 0.742521 0.209734 0.636088
0.5 0.75 0 1 0 0
0.35 0 0 1 0 0
-0.5 0.75 0 1 0 0
-0.35 0 0 1 0 0
0.35 -0.75 0 1 0 0
0 -0.5 0 1 0 0
-0.35 -0.75 0 1 0 0
0 -0.5 0 1 0 0
0 0.75 0 1 0 0
3.00096 4.30315 0 0.397403 0.666036 -0.453822
0.5 0.75 0 1 0 0
0.35 0 0 1 0 0
-0.5 0.75 0 1 0 0
-0.35 0 0 1 0 0
0.35 -0.75 0 1 0 0
0 -0.5 0 1 0 0
-0.35 -0.75 0 1 0 0
0 -0.5 0 1 0 0
0 0.75 0 1 0 0
