7 24
0.307613 9.80227 14.3713 0.948661 -0.315946 0.00523387 -0.0139065
0 0 0 1 0 0 0
-2 1 0 1 0 0 0
0.5 0.75 0 1 0 0 0
0.35 0 0 1 0 0 0
-0.5 0.75 0 1 0 0 0
-0.35 0 0 1 0 0 0
0.35 -0.75 0 1 0 0 0
0 -0.5 0 1 0 0 0
-0.35 -0.75 0 1 0 0 0
0 -0.5 0 1 0 0 0
0 0.75 0 1 0 0 0
2 1 0 1 0 0 0
0.5 0.75 0 1 0 0 0
0.35 0 0 1 0 0 0
-0.5 0.75 0 1 0 0 0
-0.35 0 0 1 0 0 0
0.35 -0.75 0 1 0 0 0
0 -0.5 0 1 0 0 0
-0.35 -0.75 0 1 0 0 0
0 -0.5 0 1 0 0 0
0 0.75 0 1 0 0 0
3 8 -4 1 0 0 0
-4 1 1 1 0 0 0
0.307613 9.80227 14.3713 0.948661 -0.315946 0.00523387 -0.0139065
0 0 0 1 0 0 0
-2 1 0 1 0 0 0
0.5 0.75 0 1 0 0 0
0.35 0 0 1 0 0 0
-0.5 0.75 0 1 0 0 0
-0.35 0 0 1 0 0 0
0.35 -0.75 0 1 0 0 0
0 -0.5 0 1 0 0 0
-0.35 -0.75 0 1 0 0 0
0 -0.5 0 1 0 0 0
0 0.75 0 1 0 0 0
2 1 0 1 0 0 0
0.5 0.75 0 1 0 0 0
0.35 0 0 1 0 0 0
-0.5 0.75 0 1 0 0 0
-0.35 0 0 1 0 0 0
0.35 -0.75 0 1 0 0 0
0 -0.5 0 1 0 0 0
-0.35 -0.75 0 1 0 0 0
0 -0.5 0 1 0 0 0
0 0.75 0 1 0 0 0
3 8 -4 1 0 0 0
-4 1 1 1 0 0 0
0.307613 9.80227 14.3713 0.948661 -0.315946 0.00523387 -0.0139065
0 0 0 1 0 0 0
-5.73538 3.52206 -1.80128 0.873972 -0.00174856 0.481811 -0.0634702
0.5 0.75 0 1 0 0 0
0.35 0 0 1 0 0 0
-0.5 0.75 0 1 0 0 0
-0.35 0 0 1 0 0 0
0.35 -0.75 0 1 0 0 0
0 -0.5 0 1 0 0 0
-0.35 -0.75 0 1 0 0 0
0 -0.5 0 1 0 0 0
0 0.75 0 1 0 0 0
6.81867 1.86161 7.31892 0.996497 0.0178535 -0.0195836 0.0793174
0.5 0.75 0 1 0 0 0
0.35 0 0 1 0 0 0
-0.5 0.75 0 1 0 0 0
-0.35 0 0 1 0 0 0
0.35 -0.75 0 1 0 0 0
0 -0.5 0 1 0 0 0
-0.35 -0.75 0 1 0 0 0
0 -0.5 0 1 0 0 0
0 0.75 0 1 0 0 0
3 8 -4 1 0 0 0
3.68362 2.42694 -0.248271 0.999975 -0.000104617 -0.00537538 0.0045203
0.307613 9.80227 14.3713 0.948661 -0.315946 0.00523387 -0.0139065
0 0 0 1 0 0 0
-1.69661 1.25827 6.98694 0.744823 -0.093528 0.642652 -0.153264
0.5 0.75 0 1 0 0 0
0.35 0 0 1 0 0 0
-0.289612 1.61329 -0.491112 0.913399 0.00563693 0.0571285 -0.402997
-0.35 0 0 1 0 0 0
0.35 -0.75 0 1 0 0 0
0 -0.5 0 1 0 0 0
-0.35 -0.75 0 1 0 0 0
0 -0.5 0 1 0 0 0
0 0.75 0 1 0 0 0
1.97468 3.21433 6.41923 0.352118 0.1604 0.920311 -0.0575563
0.53463 0.683776 -0.0723707 0.73117 0.437911 0.485082 0.195754
0.35 0 0 1 0 0 0
-0.5 0.75 1.00874e-15 0.918689 0.222586 -0.104747 -0.309021
-0.35 0 0 1 0 0 0
0.35 -0.75 0 1 0 0 0
0 -0.5 0 1 0 0 0
-0.35 -0.75 0 1 0 0 0
0 -0.5 0 1 0 0 0
0 0.75 0 1 0 0 0
5.7305 1.95896 8.51953 0.50962 0.112189 0.764081 -0.379317
3.68362 2.42694 -0.248271 0.999975 -0.000104617 -0.00537538 0.0045203
0.307613 9.80227 14.3713 0.948661 -0.315946 0.00523387 -0.0139065
0 0 0 1 0 0 0
4.66904 2.25462 6.09194 0.0411012 -0.537698 -0.0375094 -0.8413
0.5 0.75 0 1 0 0 0
0.35 0 0 1 0 0 0
-0.289612 1.61329 -0.491112 0.913399 0.00563693 0.0571285 -0.402997
-0.35 0 0 1 0 0 0
0.35 -0.75 0 1 0 0 0
0 -0.5 0 1 0 0 0
-0.35 -0.75 0 1 0 0 0
0 -0.5 0 1 0 0 0
0 0.75 0 1 0 0 0
-5.98683 -0.568341 5.16336 0.642374 -0.281816 0.432919 0.566142
0.53463 0.683776 -0.0723707 0.73117 0.437911 0.485082 0.195754
0.35 0 0 1 0 0 0
-0.5 0.75 1.00874e-15 0.918689 0.222586 -0.104747 -0.309021
-0.35 0 0 1 0 0 0
0.35 -0.75 0 1 0 0 0
0 -0.5 0 1 0 0 0
-0.35 -0.75 0 1 0 0 0
0 -0.5 0 1 0 0 0
0 0.75 0 1 0 0 0
5.7305 1.95896 8.51953 0.50962 0.112189 0.764081 -0.379317
-7.41187 3.409 6.80323 0.569877 0.635725 0.520485 -0.0137364
0.307613 9.80227 14.3713 0.948661 -0.315946 0.00523387 -0.0139065
0 0 0 1 0 0 0
4.66904 2.25462 6.09194 0.0411012 -0.537698 -0.0375094 -0.8413
0.5 0.75 0 1 0 0 0
0.35 0 0 1 0 0 0
-0.289612 1.61329 -0.491112 0.913399 0.00563693 0.0571285 -0.402997
-0.35 0 0 1 0 0 0
0.35 -0.75 0 1 0 0 0
0 -0.5 0 1 0 0 0
-0.35 -0.75 0 1 0 0 0
0 -0.5 0 1 0 0 0
0 0.75 0 1 0 0 0
-5.98683 -0.568341 5.16336 0.642374 -0.281816 0.432919 0.566142
0.53463 0.683776 -0.0723707 0.73117 0.437911 0.485082 0.195754
0.35 0 0 1 0 0 0
-0.5 0.75 1.00874e-15 0.918689 0.222586 -0.104747 -0.309021
-0.35 0 0 1 0 0 0
0.35 -0.75 0 1 0 0 0
0 -0.5 0 1 0 0 0
-0.35 -0.75 0 1 0 0 0
0 -0.5 0 1 0 0 0
0 0.75 0 1 0 0 0
5.7305 1.95896 8.51953 0.50962 0.112189 0.764081 -0.379317
-7.41187 3.409 6.80323 0.569877 0.635725 0.520485 -0.0137364
0.307613 9.80227 14.3713 0.948661 -0.315946 0.00523387 -0.0139065
0 0 0 1 0 0 0
-1.69661 1.25827 6.98694 0.744823 -0.093528 0.642652 -0.153264
0.5 0.75 0 1 0 0 0
0.35 0 0 1 0 0 0
-0.289612 1.61329 -0.491112 0.913399 0.00563693 0.0571285 -0.402997
-0.35 0 0 1 0 0 0
0.35 -0.75 0 1 0 0 0
0 -0.5 0 1 0 0 0
-0.35 -0.75 0 1 0 0 0
0 -0.5 0 1 0 0 0
0 0.75 0 1 0 0 0
1.97468 3.21433 6.41923 0.352118 0.1604 0.920311 -0.0575563
0.53463 0.683776 -0.0723707 0.73117 0.437911 0.485082 0.195754
0.35 0 0 1 0 0 0
-0.5 0.75 1.00874e-15 0.918689 0.222586 -0.104747 -0.309021
-0.35 0 0 1 0 0 0
0.35 -0.75 0 1 0 0 0
0 -0.5 0 1 0 0 0
-0.35 -0.75 0 1 0 0 0
0 -0.5 0 1 0 0 0
0 0.75 0 1 0 0 0
5.7305 1.95896 8.51953 0.50962 0.112189 0.764081 -0.379317
3.68362 2.42694 -0.248271 0.999975 -0.000104617 -0.00537538 0.0045203
