6 24
0 0.25 4 1 0 0
0 0 0 1 0 0
-2 1 0 1 0 0
0.5 0.75 0 1 0 0
0.35 0 0 1 0 0
-0.5 0.75 0 1 0 0
-0.35 0 0 1 0 0
0.35 -0.75 0 1 0 0
0 -0.5 0 1 0 0
-0.35 -0.75 0 1 0 0
0 -0.5 0 1 0 0
0 0.75 0 1 0 0
2 1 0 1 0 0
0.5 0.75 0 1 0 0
0.35 0 0 1 0 0
-0.5 0.75 0 1 0 0
-0.35 0 0 1 0 0
0.35 -0.75 0 1 0 0
0 -0.5 0 1 0 0
-0.35 -0.75 0 1 0 0
0 -0.5 0 1 0 0
0 0.75 0 1 0 0
3 8 -4 1 0 0
-4 1 1 1 0 0
0 0.25 4 1 0 0
0 0 0 1 0 0
-2 1 0 1 0 0
0.5 0.75 0 1 0 0
0.35 0 0 1 0 0
-0.5 0.75 0 1 0 0
-0.35 0 0 1 0 0
0.35 -0.75 0 1 0 0
0 -0.5 0 1 0 0
-0.35 -0.75 0 1 0 0
0 -0.5 0 1 0 0
0 0.75 0 1 0 0
2 1 0 1 0 0
0.5 0.75 0 1 0 0
0.35 0 0 1 0 0
-0.5 0.75 0 1 0 0
-0.35 0 0 1 0 0
0.35 -0.75 0 1 0 0
0 -0.5 0 1 0 0
-0.35 -0.75 0 1 0 0
0 -0.5 0 1 0 0
0 0.75 0 1 0 0
3 8 -4 1 0 0
-4 1 1 1 0 0
-0.112731 17.0522 0.781098 0.726956 -0.684553 0.0351818
0 0 0 1 0 0
-2 1 0 1 0 0
0.5 0.75 0 1 0 0
0.35 0 0 1 0 0
-0.5 0.75 0 1 0 0
-0.35 0 0 1 0 0
0.35 -0.75 0 1 0 0
0 -0.5 0 1 0 0
-0.35 -0.75 0 1 0 0
0 -0.5 0 1 0 0
0 0.75 0 1 0 0
2 1 0 1 0 0
0.5 0.75 0 1 0 0
0.35 0 0 1 0 0
-0.5 0.75 0 1 0 0
-0.35 0 0 1 0 0
0.35 -0.75 0 1 0 0
0 -0.5 0 1 0 0
-0.35 -0.75 0 1 0 0
0 -0.5 0 1 0 0
0 0.75 0 1 0 0
3 8 -4 1 0 0
-4 1 1 1 0 0
-0.112731 17.0522 0.781098 0.726956 -0.684553 0.0351818
0 0 0 1 0 0
-2 1 0 1 0 0
0.5 0.75 0 1 0 0
0.35 0 0 1 0 0
-0.5 0.75 0 1 0 0
-0.35 0 0 1 0 0
0.35 -0.75 0 1 0 0
0 -0.5 0 1 0 0
-0.35 -0.75 0 1 0 0
0 -0.5 0 1 0 0
0 0.75 0 1 0 0
2 1 0 1 0 0
0.5 0.75 0 1 0 0
0.35 0 0 1 0 0
-0.5 0.75 0 1 0 0
-0.35 0 0 1 0 0
0.35 -0.75 0 1 0 0
0 -0.5 0 1 0 0
-0.35 -0.75 0 1 0 0
0 -0.5 0 1 0 0
0 0.75 0 1 0 0
-3.32328 7.72136 3.57878 1 9.08366e-15 0
-7.15249 1.3857 -5.64771 1 3.95669e-15 0
-0.112731 17.0522 0.781098 0.726956 -0.684553 0.0351818
0 0 0 1 0 0
-2 1 0 1 0 0
0.5 0.75 0 1 0 0
0.35 0 0 1 0 0
-0.5 0.75 0 1 0 0
-0.35 0 0 1 0 0
0.35 -0.75 0 1 0 0
0 -0.5 0 1 0 0
-0.35 -0.75 0 1 0 0
0 -0.5 0 1 0 0
0 0.75 0 1 0 0
2 1 0 1 0 0
0.5 0.75 0 1 0 0
0.35 0 0 1 0 0
-0.5 0.75 0 1 0 0
-0.35 0 0 1 0 0
0.35 -0.75 0 1 0 0
0 -0.5 0 1 0 0
-0.35 -0.75 0 1 0 0
0 -0.5 0 1 0 0
0 0.75 0 1 0 0
3.75841 7.74576 3.76513 1 1.17029e-14 0
5.52492 0.753553 5.87352 1 7.52328e-15 0
-0.112731 17.0522 0.781098 0.726956 -0.684553 0.0351818
0 0 0 1 0 0
-2 1 0 1 0 0
0.5 0.75 0 1 0 0
0.35 0 0 1 0 0
-0.5 0.75 0 1 0 0
-0.35 0 0 1 0 0
0.35 -0.75 0 1 0 0
0 -0.5 0 1 0 0
-0.35 -0.75 0 1 0 0
0 -0.5 0 1 0 0
0 0.75 0 1 0 0
2 1 0 1 0 0
0.5 0.75 0 1 0 0
0.35 0 0 1 0 0
-0.5 0.75 0 1 0 0
-0.35 0 0 1 0 0
0.35 -0.75 0 1 0 0
0 -0.5 0 1 0 0
-0.35 -0.75 0 1 0 0
0 -0.5 0 1 0 0
0 0.75 0 1 0 0
3.75841 7.74576 3.76513 1 1.17029e-14 0
5.52492 0.753553 5.87352 1 7.52328e-15 0
